version 0
window 91 158 0 1 1 640 0
options 40 70 12 4 -256 -256 -256 -11264 -8704 -7680 -13312 0 0 0 0 0 1 1 1 1 0 26368 27392 30720 1 0 1 0
recognize 498 5 0 100 100 100 33
blocks 1 1 0 0 0 0 0 0 0 0 0 0 0 0 0 0 0 0 0 0 0 0 0 0 0 0 0 0 0 0 0 0 0 0 0 0 0 0 0 0 0 0 0 0 0 0 0 0 0 0 0 0 0 0 0 0 0 0 0 0 0 0 0 0 0 0 0 0 0 0 0 0 0 0 0 0 0 0 0 0 0 0 0 0 0 0 0 0 0 0 0 0 0 0 0 0 0 0 0 0 0 0 0 0 0 0 0 0 0 0 0 0 0 0 0 0 0 0 0 0 0 0 0 0 0 0
bad_keycodes 108 111 115 116 121 122 129 130 135 138 144 151 153 158 159 160 161 162 164 165 166 174 176 178 188 192 204 223 227 229 230 231 232 233 234 235 236 237 245 248
sample    97   488   21  -36    3  -34  -16  -27  -25  -21  -35  -13  -49    1  -52    7  -53   14  -52   17  -50   18  -35   10  -28    4   -9   -9    8  -30   10  -31   13  -28   15    3   22   25   30   35   40   42   54   47    ;
sample    97   487    7  -21  -13  -19  -20  -17  -28  -12  -41    0  -42    7  -41    9  -39   10  -28    9  -24    7  -10   -3    0  -13    3  -17    5  -16    9   -6   11    3   19   20   26   28   36   35   47   39   65   39   84   36    ;
sample    97   486   25  -36   10  -42    3  -44  -19  -34  -28  -28  -38  -16  -46   -2  -48    3  -46    7  -42    9  -35    9  -28    7  -20    3  -13   -2   -6   -9    0  -13    3  -17    7  -20    7  -21    6  -13    3    0    4   10    8   21   14   32   22   39   32   43   47   47    ;
sample    97   485   29  -36    3  -19   -9   -6  -13    0  -17   10  -18   10  -14    9   -2    0    3   -6   14  -24   21  -31   19  -28   17   -9   15   -2   15   10   21   29   26   35   36   39   43   40    ;
sample   113   479   10  -25   -2  -30   -5  -30   -8  -24   -9  -17   -6  -13    0  -13    2  -14    7  -20   11  -27   14  -31   14  -40   14  -39   11  -38   10  -35   10  -28    7   -6    6   14    3   36    3   51    1   69    1   76    3   80    ;
sample   113   480   10  -14   -2  -19   -6  -19  -13  -13  -18   -6  -19    0  -17    3   -9    2   -3    0    6  -10   17  -31   18  -36   18  -35   15  -31   11  -20    7   10    7   62    8   73   11   84   14   91    ;
sample   113   481   14    0    0   -8   -9   -9  -17   -8  -27    0  -31    7  -30   14  -28   18  -24   20  -17   18   -9   13    7   -2   13  -13   14  -25   14  -24   11  -23    9  -20    2    0    0   18    0   29   -1   36    1   62    7   69    ;
sample   113   482   21  -25    7  -28    3  -28    0  -27   -5  -20   -9    0   -9   10   -8   14   -6   17   -2   18    7   14   10   10   21    0   28  -13   29  -20   26  -19   24  -17   15    0   10   21    7   51    7   80    8   91   10   98    ;
sample   115   456   58  -65   40  -68   29  -67   24  -61   22  -57   21  -17   17   -6   14   -3   10   -1    0    0   -7   -3    ;
sample   115   455    7  -58   -6  -59  -13  -57  -27  -49  -34  -35  -34  -28  -28   -9  -23   -2  -10    8   -7   14   -6   18   -7   21    ;
sample   115   454   18  -54    0  -60   -6  -60  -13  -57  -17  -53  -23  -45  -24  -39  -23  -20  -14    0  -13   10  -14   14  -17   17  -25   21    ;
sample   115   453   29  -43   14  -53    7  -56    0  -57   -6  -56  -13  -53  -19  -49  -24  -42  -27  -35  -27  -24  -24  -17  -17   -6   15   29   16   32   14   36    3   43  -14   51    ;
sample    62   410  -25  -76   -2  -69   24  -62   32  -58   38  -52   40  -46   39  -39   35  -31   18  -13    7   -3  -20   18  -42   40  -50   51  -54   65    ;
sample    62   409  -29  -65  -42  -63  -42  -61  -39  -58  -31  -54  -13  -50    7  -40   40  -28   46  -23   47  -20   45  -14   40   -9   31   -3    7    7   -2   14  -13   20  -25   25    ;
sample    62   408  -14  -73   11  -58   31  -49   41  -43   46  -38   51  -31   51  -28   46  -21   41  -16   21   -2   10    3   -2   10  -20   24  -26   30  -29   36    ;
sample    62   407  -21  -69  -11  -55    3  -46   14  -42   32  -38   39  -34   42  -28   42  -24   40  -20   32  -13   10    0  -39   36  -44   41  -47   47    ;
sample    62   406  -36  -62   -2  -50    3  -46   21  -39   36  -28   39  -24   42  -17   40  -13   35   -7   29   -2   10    7   -2   14  -24   24  -34   30  -42   36  -44   40  -43   43    ;
sample    60   405   43  -65   14  -57  -24  -35  -38  -17  -38  -13  -35   -9  -31   -7  -13   -3   -2   -2   21   -2   54    0   69    3    ;
sample    60   404   51  -65   29  -62   19  -59    7  -54  -23  -38  -31  -31  -38  -20  -39  -17  -34  -10  -28   -7   -6   -2   62   10    ;
sample    60   403   32  -62   14  -63    7  -61   -9  -53  -19  -49  -28  -42  -35  -35  -40  -27  -42  -20  -42  -17  -38  -11  -28   -6  -17   -2   84   10    ;
sample    60   402   21  -65  -19  -49  -39  -38  -46  -35  -56  -24  -57  -17  -56  -13  -53  -10  -46   -6  -35   -2  -13    3    0    7   14   10   69   29    ;
sample    60   401   25  -62   10  -56   -9  -45  -28  -31  -42  -17  -53   -2  -51    6  -46   10  -39   14  -28   18    0   22   32   28   65   32    ;
sample    61   416  -25  -47    3  -40   10  -39   32  -39   40  -40    ;  -43    0  -13    3   65    3    ;
sample    61   412  -43  -40  -24  -40   -6  -43    0  -45   10  -46   32  -46   40  -47    ;  -40   -3  -17   -3   -6   -5   21   -7   65  -14    ;
sample   100   374   18  -32    0  -30   -6  -27  -17  -17  -23   -9  -28    0  -31   18  -31   25  -30   31  -28   32  -22   28  -10    9   -2   -2    3  -17   10  -31   17  -53   18  -76   17  -72   14  -68   11  -61    4  -31    3  -17    4   -2    7   10    ;
sample   100   375    3  -32   -9  -23  -16  -16  -24    0  -27   10  -28   18  -26   24  -24   25  -18   24  -10   17   -2    7    3   -2   21  -46   24  -57   25  -64   24  -68   21  -70   15  -50   14  -35   14  -17   16   -2   22   13   32   25    ;
sample   100   376   14  -54   -2  -57   -6  -57   -9  -56  -16  -50  -20  -35  -23  -28  -24  -20  -23  -13  -20   -8  -17   -9   -7  -18   -1  -28   20  -72   24  -83   25  -97   23 -104   22 -104   20 -102   15  -93   11  -79    9  -64   10  -31   15  -17   21   -7    ;
sample   100   377   14  -36   -2  -40   -8  -38  -17  -31  -24  -24  -38    3  -38   10  -35   13  -31   13  -24   10   -3  -10   15  -38   31  -68   37  -83   40  -94   40  -90   36  -79   32  -64   30  -46   30  -24   33   -2   40   14    ;
sample    99   437   25  -29    9  -38    3  -39   -2  -38  -12  -34  -20  -28  -27  -17  -30   -9  -31    0  -29    9  -23   17  -13   24    0   29   18   32    ;
sample    99   438   29  -29   14  -34    7  -34   -8  -27  -17  -20  -24  -13  -27   -6  -27    3  -24   10  -16   17   -6   24    7   29    ;
sample    99   439    7  -43  -17  -41  -24  -39  -34  -30  -39  -24  -45  -13  -45   -6  -41    2  -34    9  -21   18    ;
sample    99   440   36  -54   21  -56   14  -56    3  -53  -13  -42  -20  -35  -26  -23  -28  -13  -26    0  -19    9  -10   18    ;
sample    40   357   14  -98   -1  -78  -14  -50  -18  -35  -20  -17  -19    0  -15   13   -7   29    ;
sample    40   356   29 -102   11  -89    4  -83   -2  -72   -5  -61   -8  -42   -9  -28   -8   -9   -5    7    0   21   10   36    ;
sample    40   355   14 -113    1  -97   -6  -86  -12  -72  -17  -57  -20  -39  -22  -17  -20    0  -15   17   -7   32    ;
sample    40   354   25 -102   11  -85    1  -68   -2  -53   -6  -39   -8  -20   -8   -2   -3   25    ;
sample    52   313  -21  -91  -30  -61  -29  -35  -27  -20  -20    3   -9   18   -1   24    3   25   14   24   21   22   31   16   36   10    ;    7  -65    2  -31    0   -2    3   25    7   36    ;
sample    52   312  -18  -95  -23  -79  -27  -61  -28  -46  -27  -35  -20  -13  -16   -7   -9   -2   -1    2    3    3   29    0   36   -3   43  -10    ;   21  -76   10  -46    7  -20    7   -6    8    7   10   18   14   29    ;
sample    52   311  -18  -95  -20  -79  -23  -68  -27  -39  -27  -28  -24  -17  -19   -9  -13   -2   -9    0   18    0   29   -3   47  -13   62  -29    ;   29  -73   15  -56   10  -46    4   -6    3   10    4   25   10   51    ;
sample    52   315  -47  -95  -40  -75  -34  -24  -30   -2  -17   13   -9   17   -2   17    3   14   14   10   21    6   29    0   36   -7    ;   18  -73    7  -50    3  -39    1  -28    0  -13    3   14   14   36   21   43    ;
sample    53   298  -21  -84  -23  -68  -27  -53  -28  -39  -27  -31  -23  -24  -20  -21   -9  -18    7  -16   10  -13   12   -9    9    0    7    3    1    8   -3   13  -13   21  -24   25  -32   25    ;  -29  -73   -2  -76    3  -78   10  -79   32  -80   54  -84    ;
sample    53   297  -14  -87  -10  -64    0  -39   13  -20   14  -17   11   -9    0    0  -24    0  -31   -3  -36   -7    ;  -29  -91   -9  -84    7  -80   32  -76   47  -75   62  -76    ;
sample    53   296  -18  -84  -22  -57  -19  -42  -12  -31   -6  -24    0  -20   13   -6   14   -2   10    0    3    7   -9   11  -28   14  -35   13  -45    8  -51    3    ;  -29  -76    0  -84   43  -91   54  -95    ;
sample    53   300  -21  -84  -19  -61  -17  -53    6  -13    7   -9    5   -3    3   -1    0    0   -2    3   -9    6  -24    7  -31    6  -40    3    ;  -29  -84   10  -83   32  -85   43  -87   58  -91    ;
sample    84   285    7  -91    7   14    ;  -43  -76  -30  -88  -24  -91   -6  -97    3 -101   29 -106   40 -109    ;
sample    84   284    3  -80    6  -61    6  -50    3  -28    3   -6    0   14    ;  -40  -65  -19  -78   -2  -84   40  -91    ;
sample    84   283    0  -69    6  -46    7  -39    7   29    ;  -36  -47  -17  -64   14  -75   21  -80    ;
sample    84   287    0  -80    3  -42    3   21    ;  -32  -76  -25  -88  -20  -91   32 -101   43 -106    ;
sample   111   267    0  -43  -13  -41  -19  -38  -24  -31  -27  -24  -28   -6  -26    2  -21   11  -16   16   -6   20    0   20   10   18   18   13   25    7   32   -6   34  -13   32  -20   28  -28   25  -31   18  -34    7  -34   -5  -30  -13  -24  -16  -20  -21  -10    ;
sample   111   266   18  -43   -2  -45  -16  -40  -21  -35  -27  -20  -27  -13  -25   -2  -23    3  -16   13   -9   18   -2   20    3   20   14   17   21   14   28    6   35   -6   36  -17   35  -24   25  -35   18  -38    3  -39   -2  -38   -9  -35  -13  -31  -18  -29    ;
sample   111   270   -3  -21  -17  -19  -19  -17  -23   -9  -24    3  -23   10  -20   18  -16   23   -9   25   -2   25    3   24   10   21   23    9   26    3   27   -2   25   -9   21  -13   14  -17    0  -20  -17  -19  -20  -17  -28   -6  -29    0    ;
sample   111   269   18  -40    3  -44   -6  -41   -9  -39  -16  -24  -17  -17  -17   -9  -16   -2   -2    6    3    6   17    0   28  -17   28  -24   25  -31   18  -38   10  -41   -2  -42   -9  -41  -16  -38  -23  -24  -25  -18    ;
sample    73   250   -7  -95   14  -85   21  -83   25  -84    ;    7  -84    7  -61    4  -50    3  -24    0    3    ;  -29   10   -9   17   10   19   18   21   21   21    ;
sample    73   249  -21  -98   -6  -99    0  -97   18  -94   21  -95    ;    7  -95    1  -75   -3  -50   -5  -42   -9    0  -10    3    ;  -29   10   18   10    ;
sample    73   248    7  -91    3  -68    3  -20    0    3    ;  -25    0   -6    7    0   10   10   10   18    7    ;  -18 -102    0 -105    7 -102   14 -101   21 -102    ;
sample    73   247    0  -69    2  -53    0  -35    0  -13   -2    0   -2   10   -3   14    ;  -29   10  -13   14    0   14   10   10    ;  -29  -87    3  -86   10  -87    ;
sample    80   237  -21  -87  -14  -50  -13  -17  -14   -2  -16    3  -19   25  -21   28  -24   29  -28   25  -28  -17  -24  -50  -23  -72  -19  -94  -17  -96   -6  -97    3  -91   10  -89   14  -86   21  -72   20  -68   18  -65   -2  -56   -9  -54  -20  -50  -21  -47    ;
sample    80   236  -25  -80  -19  -50  -17  -28  -17   14  -18   17  -20   18  -20  -50  -16  -86  -10  -98   -6 -101    0 -101   18  -95   25  -90   28  -86   28  -83   25  -80   21  -78   14  -76   -9  -65  -31  -57  -32  -58  -32  -58    ;
sample    80   235  -29   18  -38  -13  -39  -50  -34  -79  -28  -89   -2  -90   10  -87   21  -82   29  -75   31  -72   32  -68   32  -61   29  -53   18  -43    7  -38   -6  -35  -24  -35  -27  -36  -32  -40  -31  -39  -29  -40    ;
sample    80   239  -21  -84  -14  -42  -13   21  -14   24  -16   24  -20    3  -20  -35  -17  -57    1 -105    3 -107   10 -108   21 -104   32  -94   35  -86   36  -79   35  -75   29  -69   21  -64    3  -60   -6  -57   -7  -58   -7  -58   -7  -58    ;
sample   108   211  -25   32   -5   -6    0  -17    6  -39   10  -68   10  -79    9  -83    7  -86    3  -86    1  -85   -2  -75   -6  -68   -8  -61  -12  -31  -13  -17  -12   14   -9   25   -5   35    0   43    7   47    ;
sample   108   210  -32   29  -19   11   -3  -17    3  -39   13  -64   14  -79   10  -79    8  -78    0  -64   -8  -39   -9  -13   -8   -2   -6    7   -2   14    4   20   10   21   32   21    ;
sample   108   209  -25   40   -3    7    1   -6    6  -17   17  -46   20  -57   22  -72   24  -79   25 -105   21 -105   18  -97   11  -83    6  -57    3  -28    3  -13    4    0    7   10   11   17   25   25    ;
sample   108   208  -21   21    0  -17   14  -53   24  -90   25  -97   25 -108   24 -111   21 -112   19 -111   11 -101    3  -79    0  -64   -2  -46   -6  -31   -9    0   -9   14   -8   25   -5   35    0   39    3   40   14   36    ;
sample   116   431   -3  -98   -8  -75   -9  -61   -8  -31   -6  -17   -1   -2    4    7   11   13   21   18   29   21    ;  -36  -47  -13  -47   32  -56   51  -61   76  -69    ;
sample   116   430  -32  -95  -24  -75  -19  -53  -17  -39  -13  -28   -9  -13   -2    3    0   10    3   14    7   17   14   18    ;  -40  -51  -19  -41   -9  -39   18  -40   36  -42   54  -47    ;
sample   116   429  -21  -95  -14  -72  -12  -42   -7   -2   -7    7    ;  -58  -43  -42  -40  -17  -39   18  -42   40  -47    ;
sample   116   428   -7  -95   -6  -31   -5  -17   -2   -2    5   13   10   18   25   21   32   21    ;  -25  -43   -6  -45   32  -51   51  -53   69  -58    ;
sample    49   200  -18  -43   -3  -58    0  -64    9  -75   15  -86   18  -90   18  -91   18  -72   15  -64    8   -2    4   14    3   40    ;
sample    49   199  -32   21   -6  -17   22  -75   25  -79   30  -94   32  -98   29  -79   29  -57   24   -6   21   10   21   25    ;
sample    49   203  -21  -21   -3  -43   17  -75   22  -86   25  -90   25  -91   25  -90   22  -86   17  -68   13  -42   10  -28    4   10    3   32    ;
sample    49   202  -21  -18   -6  -35    7  -61   11  -71   22  -86   24  -90   26  -97   29 -101   29 -102   29  -90   14   10   14   18    ;
sample    69   182  -25   -3  -24  -42  -23  -50  -17  -72  -13  -79   -2  -90    0  -93    7  -96   21  -98   40 -102    ;   -3  -58   14  -63   40  -64   43  -65    ;  -18  -10   47   -9   51  -10    ;
sample    69   181  -25   25  -30   10  -31  -24  -28  -42  -24  -53  -16  -71    3  -93   10  -96   25 -100   32 -101   43 -101   47 -102    ;  -21  -36   10  -35   18  -36   21  -38   29  -40    ;  -25    0   -9    7   -2    9    7   10   73   10    ;
sample    69   180  -40   21  -38    3  -36   -2  -25  -57  -19  -79  -18  -86  -16  -90  -13  -93   -2  -96   14  -94   32  -94   40  -95    ;  -29  -40    3  -39    3  -40    ;  -40   10  -13   19    7   21   32   22   54   25    ;
sample    69   184  -21   18  -24   -6  -23  -24  -20  -46  -20  -57  -18  -72  -14  -87    ;  -10  -87   10  -94   18  -94   25  -93   29  -91   36  -90   43  -91    ;   -3  -40   40  -39   47  -40    ;  -25   10   -6   18   25   21   40   21    ;
sample    69   183  -25    3  -23  -24  -19  -39  -16  -53   -5  -75    0  -83   10  -91   18  -94   29  -94   36  -95   43  -98    ;  -29  -29   -2  -28   14  -31   18  -31   21  -32    ;  -29    7   14   11   36   14   54   14    ;
sample   223   166  -32   91  -29   32  -24    3  -17  -31  -13  -42   -5  -57   -2  -60    0  -60   10  -50   13  -46   14  -39   14  -20   13  -17    7   -9    3   -7    1   -7    0  -10    0   -9    0  -13   14  -13   18  -12   24   -6   25    0   21   10   18   13    7   20   -6   24  -21   25    ;
sample   246   163    0  -47  -14  -31  -17  -20  -17   -2  -16    0  -13    2   -6    3    2    0   10   -9   17  -20   20  -31   21  -39   18  -46   14  -50    3  -54    0  -56   -9  -54  -17  -50  -21  -43  -25  -43    ;  -10  -84    ;   18  -98    ;
sample   252   162  -18  -43  -14  -28  -12  -13   -9    0   -8   10   -6   14   -2   14    7    7   20   -9   36  -35   40  -46   40  -51   40   -6   42   10   47   18    ;   -3  -73    ;   25  -69   40  -69    ;
sample   228   161    7  -14    3  -28    0  -31   -6  -30  -13  -24  -19  -13  -20   -9  -20    0  -17    7  -13    9   -9    8   -2    3    4   -5   17  -20   21  -35   21  -28   18   -9   18   -2   21   14   23   20   25   21   29   21    ;  -21  -76    ;    3  -76    ;
sample   116   427    3  -87   -4  -71   -6  -57   -6  -31   -5  -17    0    7    4   18    8   24   14   29    ;  -36  -36   18  -42   32  -47    ;
sample   122   159  -18  -43    0  -49   18  -50   32  -47   40  -42   42  -39   43  -35   42  -31   36  -24    3   -2   -5    1   -7    3   -9    7   -8    9   -6   10   -2   10    3   13   10   14   43   14    ;
sample   121   158   -3  -29    1  -13    7   -2   10    7   17   21   19   29   22   36   25   40    ;   58  -18   43  -12   37   -6   35    0   25   18   14   47    9   69    4   80    3   87    3   87    3   87    ;
sample   120   157  -25  -58  -13  -39   -9  -31    0  -20    7   -6   14    3   22    9   25   10    ;  -29   18  -19    0   11  -34   21  -42   29  -47    ;
sample   107   154  -10  -76   -9   -6  -13   21  -13   25  -14   25  -13   25   -3   14    4    0    7   -2   33  -35   36  -42   36  -46   32  -46   18  -39   11  -31   10  -17   11  -13   14   -9   18   -6   21   -2   25    0   29    7   40   18   43   20   47   21    ;
sample   106   153    0  -32   10  -17   14   -9   17    0   19   10   20   21   17   43   14   54    9   62   -2   75   -9   76  -12   75  -14   73  -17   65  -16   58  -13   54    0   28   10   14   22    1   28   -3   32  -10    ;   21  -58    ;
sample   105   152   -7  -29   -6   10   -2   18   -2   21    3   21    7   18   10   14    ;    3  -69    ;
sample   119   151  -40  -43  -35  -24  -35   25  -36   29  -35   25  -32   21  -30   14  -23   -2  -14  -13  -12  -19   -9  -20   -9   -2   -5   18   -1   24    0   24    3   20    6   18   13    7   15    0   18   -6   25  -28   25  -43    ;
sample   118   149  -18  -47  -16  -31  -12   -9   -9    0   -1   14    0   18    3   17    7   14   18   -2   21   -9   31  -25   41  -46   43  -58    ;
sample   117   144  -10  -54  -13  -28  -13   -9  -12   -2   -8    7   -6    9   -2   10   14    0   18   -6   21   -9   32  -42   32  -47   32  -31   37    3   46   21   52   28   54   29    ;
sample   115   452   18  -29   -2  -41   -6  -39   -8  -35   -9  -28   -7  -17   -5  -13   -2    0   -3    7   -9   13  -35   14  -36   10    ;
sample   114   462  -25   25  -24    3  -25   -6  -27  -13  -28  -24  -23  -50  -17  -53   -6  -51   21  -43    ;
sample   113   483   32  -25   14  -31    7  -31   -2  -28   -9  -20  -16   -9  -19   -2  -19    3  -17    9   -6   10    0    6   18   -9   25  -20   31  -31   32  -35   30  -34   19  -19   14   -9    4   18   -5   47  -10   73  -14   91    ;
sample   112   463  -10   76  -18   61  -20   54  -18   18  -16    3   -6  -31    1  -50    3  -53    7  -56   10  -57   14  -56   17  -53   18  -42   17  -35   14  -28    9  -21    0  -13   -6   -9  -10  -10    ;
sample   111   268    7  -36   -9  -37  -17  -36  -24  -34  -27  -31  -34  -17  -35   -9  -33    0  -28    7  -24   10  -13   13   -2   14    3   13   25    2   31   -2   36   -9   39  -17   39  -24   36  -27   25  -31   18  -30    7  -27    3  -24   -7  -10    ;
sample   110   136  -18  -51  -20  -31  -20   14  -17   14   -3   -6    4  -20   21  -38   25  -39   28  -38   30  -35   32  -28   32    3   33   10   37   18   43   24   51   25    ;
sample   109   135  -25  -54  -24    9  -21    7  -17   -2  -14  -13  -10  -20   -8  -28   -6  -31   -2  -31   -2   -6    0    0   10   -9   15  -17   18  -24   26  -30   30  -29   32  -24   32   -9   33   -2   35    3   37   14   43   21    ;
sample   104   128  -29  -95  -32  -53  -42    7  -42   21  -41   25  -39   28  -35   28  -28   25  -17   15   -2    3    3   -2   21  -12   25  -13   28  -12   29   -6   28    0   26    3   25   21   29   24   32   25    ;
sample   103   256   29  -51   10  -63    3  -62   -3  -54   -8  -49  -12  -42  -16  -24  -16  -13  -12    0   -6    6    0    6    7    3   17   -7   25  -20   28  -31   29  -57   28  -61   25  -64   25  -66   22  -64   22  -61   24  -57   25  -50   25   -9   24    0   21   14   17   25    6   43    0   50  -17   61  -20   61  -23   58  -23   54  -17   47   -9   40    4   26   22   15   32   10    ;
sample   102   489  -29   10   -7  -13    0  -24    7  -39   20  -61   24  -72   25  -83   23  -89   21  -90   18  -89   14  -86    4  -74   -2  -64  -34    3  -45   43  -46   54  -43   51  -36   21  -35    3  -34    1  -28    0  -20    2   18    6   36    7    ;
sample   101   275  -36   14  -14    0   -3  -14    0  -24    0  -34   -2  -36   -9  -39  -17  -34  -20  -31  -27  -17  -28   -9  -27   -2  -24    3  -19    9  -13   14   -2   20    7   21   36   21    ;
sample   100   378   18  -43   -1  -37  -26  -16  -38   10  -38   18  -35   20  -31   18  -25   13   -9   -6    0  -18   21  -61   29  -83   28  -89   26  -89   22  -83   14  -61   11  -42   10  -24   12   -7   18    7   25   18    ;
sample    99   441   36  -47   14  -52    8  -52   -2  -46  -19  -30  -27  -20  -30   -9  -30    0  -27    6  -19   13   -7   18    ;
sample    98   122  -14  -84  -21  -20  -22  -17  -20   -9  -20   -6  -13   -7   -9   -9   -2  -17    7  -23   18  -28   28  -23   29  -20   29  -13   26   -2   18    7    2   20   -2   22   -9   24  -28   25  -31   24  -34   21  -35   18  -34   14  -31   11  -25    7    ;
sample    97   484   40  -21   21  -28   10  -27    3  -24   -5  -13  -13    0  -17   10  -15   17  -13   18   -9   17    0    9    4    4    9    0   14   -6   18   -9   22  -16   24  -16   24  -13   22   -9   21   21   22   29   25   32   32   36    ;
sample   220   120  -40 -102  -36  -86  -34  -72  -31  -57  -29  -39  -23  -13  -16    0   -6    3   -2    2    0    0    3   -2   21  -31   24  -39   30  -64   33  -86   36  -94   32 -106   29  -97   28  -90   26  -86   21  -50   21    0   24    4   25    7   25    3    ;  -18 -120    ;   14 -117    ;
sample   214   119    0  -80  -12  -74  -23  -50  -27  -31  -28   -9  -27    0  -16   21  -13   24    0   25    3   24   15   15   28    0   30   -6   32  -17   31  -31   28  -39   21  -50   14  -57    3  -61  -13  -61  -20  -60  -28  -53  -32  -51    ;  -18 -106    ;   18 -102    ;
sample   196   117  -40   25  -34    7  -30   -2  -27  -13  -24  -17  -13  -39  -13  -42   -9  -50   -9  -53   -2  -72    0  -91    0  -90    0  -95    0  -94    3  -94    3  -90    3  -91    3  -86    6  -83   11  -64   18  -53   25  -28   29  -20   31  -13   33    3   36   14   36   25    ;  -18  -18   18  -17   21  -18   25  -21    ;  -43 -102    ;   43  -98    ;
sample    33     1   10  -91   10  -72    6  -46    2  -31   -1   -6    0   -3    ;   -3   25    ;
sample    34   194  -10  -91  -12  -75  -14  -68  -17  -61  -17  -57  -18  -54    ;   18  -95   10  -75   10  -72    6  -57    4  -53    0  -36    ;
sample    35     3    3  -98    2  -83    0  -72    0  -61   -9  -17  -18   14  -20   18  -21   18    ;   29  -87   22  -61   17    7   10   32    ;  -43  -47  -17  -40   -6  -39   18  -42   40  -42   40  -43    ;  -54  -25  -28  -19    0  -16   10  -14   51  -13   62  -14    ;
sample    36     4   43  -69   29  -74    0  -75   -6  -74  -17  -67  -19  -64  -20  -53  -19  -46  -17  -42  -12  -36    0  -27   25  -13   31   -8   36    0   35    7   29   13   21   18   -6   28  -17   29  -24   28  -35   25  -46   18  -52   13  -54   10  -55    3  -54   -3    ;   18  -95    3  -57    0  -46   -2  -31   -6  -17  -12   14  -17   51  -17   58  -16   62  -14   65    ;
sample    37     5  -18  -80  -35  -68  -39  -57  -39  -42  -38  -39  -35  -35  -28  -32  -24  -32  -17  -35   -9  -40   -2  -46    3  -53   13  -72   13  -79    7  -84    0  -86  -13  -79  -23  -71  -28  -64  -28  -57  -29  -58    ;   58  -80   33  -45   17  -25   11  -16   -2    0   -6    7  -13   14  -14   14    ;   32  -10   15   21   14   25   15   28   21   29   36   21   54    3   57   -2   58   -6   57   -9   54  -12   47  -12   29   -2   21    1   18    3   16   10   18   13   21   14    ;
sample    38     9   51   32   39   11   14   -9    7  -17    3  -20   -9  -35  -14  -46  -16  -53  -17  -79  -14  -90  -12  -94   -6 -101    3 -107   21 -108   29 -105   28 -101   18  -86   10  -79  -10  -58  -24  -46  -39  -28  -47   -9  -50    0  -47    7  -45    9  -39   10  -31    8  -25    5  -17   -2   -9   -6   -6   -9    0  -20   13  -35   22  -50   25  -53   25  -54   25  -53   25  -57   29  -54   25  -58   27  -53   25  -54    ;
sample    39    10   14  -95    6  -75    4  -68    2  -64   -2  -46   -2  -42   -3  -43   -3  -43    ;
sample    40   353   18  -91    4  -78   -2  -68  -12  -24  -12   -6   -5   20    3   36    ;
sample    41    12  -18  -98   -3  -82    6  -57   13  -31   13  -17    7   10   -2   36   -7   46  -20   62  -28   69  -39   75  -43   76    ;
sample    42    13    0  -69    0  -17   -2   -6   -3    3   -6   10   -7    7    ;  -25  -36   -9  -24   -2  -17    0  -13    7   -9   10   -6   21    0   29    3   31    3   29    0    ;  -25   -3   -6  -16   20  -36   29  -46   32  -51    ;
sample    43   245   -7  -65   -3  -50   -2  -42   -2   -6   -3    3   -7   10    ;  -25  -32   -9  -28   -2  -28   10  -25   21  -24   29  -25   40  -29    ;
sample    44    15    0   14    0   29   -3   40   -5   43  -10   62  -13   65  -14   65    ;
sample    45    16  -21   -7    0   -1   43    3   54    3    ;
sample    46    17    3   18    ;
sample    47    18   36  -80   29  -61   18  -39   10  -28    4  -17    0   -6  -17   25  -27   41  -29   43  -32   51    ;
sample    48   333    0  -69  -11  -52  -13  -42  -12  -35   -5  -13   -2   -6    8    5   14    6   28    0   36   -6   39  -13   42  -24   43  -35   42  -42   39  -53   36  -57   29  -61   21  -63   14  -61    7  -57   -3  -43    ;
sample    49   201  -29  -25  -10  -46   -2  -61    0  -68    3  -72   10  -90   10  -95   10  -94   14  -97   14  -98   14  -97   14 -102   14  -83   11  -64    6    0    4   10    3   21    4   29    7   36    ;
sample    50   323  -21  -65   -6  -82   -2  -84    3  -85    9  -83   10  -68    9  -57    7  -50    1  -39   -4  -25  -24    3  -30   14  -30   21  -28   24  -24   26    3   33   18   35   36   36    ;
sample    51   328  -29  -76   -9  -90   -2  -93    3  -94   14  -91   18  -89   21  -86   23  -79   20  -68   17  -61    0  -42   -1  -39   -1  -35    0  -32    3  -30   14  -27   29  -20   31  -17   32   -6   25    7   18   14    0   25   -6   32  -12   37  -13   40   -7   40    ;
sample    52   314   18  -91    4  -78   -5  -46   -6  -24   -5  -13    0    0    3    3   10    6   18    6   32    0    ;   21  -62   14  -39    9  -13    8    0    8   14   10   36    ;
sample    53   299  -18  -80  -20  -64  -20  -57  -18  -46  -16  -43    3  -28   14  -21   20  -16   22  -13   23   -9   22   -6   14    3   -2   14   -9   17  -17   17  -25   14    ;  -25  -76   -9  -75   -2  -76   21  -83   36  -86   54  -91   73  -98    ;
sample    54   338  -10  -84  -22  -71  -28  -61  -34  -31  -35  -17  -34   -2  -28   21  -23   28  -17   32   -9   34    0   32    6   28   14   14   16    7   14    0   10   -2    7   -5    0   -6  -17   -2  -24    1  -31    7  -34   14  -36   25    ;
sample    55   497  -40  -84  -13  -79    0  -79   14  -76   21  -72   24  -68   24  -61    3   -6    0    0   -2    7   -6   14   -7   18    ;  -40  -40   25  -39   51  -36    ;
sample    56   348   -7  -73    6  -42    7  -35    6  -24    0   -6   -3    0  -14   13  -20   17  -31   18  -33   14  -28   -2  -20  -13  -17  -20  -10  -32   -3  -50   -2  -68   -3  -75   -9  -83  -16  -75  -21  -62    ;
sample    57   321    7  -65   -9  -63  -12  -61  -17  -53  -23  -39  -23  -31  -20  -24  -17  -20  -13  -18   -6  -18   -2  -20    9  -32   18  -46   21  -57   21  -62   13  -17    9   -2    4    7    0   18  -13   40  -20   46  -28   50  -36   51    ;
sample    58    29   10  -40    ;   14   -3    ;
sample    59    30    7  -43    ;   18   18   10   36    3   47    0   58   -5   69   -7   76   -9   80   -9   87  -10   87    ;
sample    61   413  -54  -21  -39  -21  -13  -31   29  -46   36  -51    ;  -43   -3  -24    2  -13    3   25    0   58   -1   73   -3    ;
sample    61   414  -40  -51  -13  -54   -2  -56    3  -56   10  -54   21  -53   29  -54    ;  -43   -7  -24    0   21   -3   58   -7    ;
sample    61   415  -40  -32    3  -50   51  -58    ;  -32   -7  -17    0   29    0   43   -1   54   -3    ;
sample    63    34  -29  -76  -12  -85    0  -89    7  -90   21  -87   28  -83   32  -75   32  -61   26  -50    6  -25    2  -19   -6    0   -6    3    0   10    7   10    ;    3   36    ;
sample    64    35   18  -43    3  -46   -2  -41   -6  -39  -12  -31  -13  -28  -13  -13   -6  -13    0  -14   17  -31   20  -39   20  -41   18  -42   10  -35    7  -28    7  -24    8  -21   10  -19   18  -18   32  -24   40  -31   50  -46   51  -57   50  -64   40  -79   32  -86   18  -91   10  -92    3  -91   -9  -86  -17  -79  -27  -67  -35  -53  -40  -39  -42  -24  -38  -13  -31   -2  -28    0  -13    4   -6    5   17    0   36  -14    ;
sample    65   219  -43  -18  -36    3  -30   14  -28   20  -24   19  -22   17  -17    3  -13   -2   -2  -35    2  -57    6  -72    7  -86   10  -97   10 -101   10  -86   14  -61   15  -46   19  -24   22   -2   24    3   26   13   28   15   29   18   31   17   32   14   32    0   28  -13   21  -24   18  -31   13  -39    3  -50   -6  -57   -9  -53   -7  -46   -5  -42   -2  -39    0  -35    3  -32   10  -29   14  -29    ;
sample    66   232  -14  -65  -13  -39  -17    0  -19   40  -21   47  -24   51  -24  -28  -23  -35  -20  -46  -10  -68   -5  -74    0  -78    3  -79    7  -78   13  -72   14  -68   13  -61    7  -46    3  -39    0  -31   -9  -20   -8  -18   -2  -16    3  -12   10   -9   14   -6   20    3   21   10   20   18   17   25   14   29    0   40  -13   46  -18   47    ;
sample    67   432   36  -69   21  -74   14  -74    7  -72   -2  -68   -9  -63  -20  -53  -27  -42  -30  -31  -30  -17  -27   -6  -19    6   -9   13    7   20   29   24   51   25    ;
sample    68    39  -25  -76  -24   10  -25   18  -28   21  -29   21    ;  -47  -80  -31  -85  -24  -86   -6  -82    0  -79   14  -64   21  -50   24  -39   24  -31   21  -20   13   -3    0    9  -17   18  -39   21  -57   21  -68   19  -74   16  -75   14  -75   10  -73    9  -73    7    ;
sample    70    43  -14    3  -19  -17  -21  -39  -24  -53  -24  -61  -23  -68  -20  -75  -19  -83  -17  -86   -9  -86    3  -83   43  -83   43  -84    ;  -21  -40   10  -43   14  -45   21  -46   47  -46   51  -47    ;
sample    71    44   36  -76   18  -79   10  -75    7  -75    0  -71   -2  -68   -8  -63  -13  -57  -23  -41  -29  -24  -30   -6  -28    3  -24   10  -17   17   -9   20   -2   21   10   18   21   13   29    7   36   -2   36   -6   35   -9   29  -17   25  -19   10  -24  -13  -24  -14  -25  -12  -21   -2  -20    3  -21    7  -23   32  -25   36  -28   40  -24   43  -24   43  -20   40   -6   39    7   36   18   36   36   40   36    ;
sample    72    45  -18  -84  -17  -42  -20   -9  -20   10  -24   10  -24    3  -25    0  -27   -2  -28  -17  -24  -20  -20  -21  -13  -25    7  -31   29  -43   40  -53   46  -61   48  -68   51  -75   51  -79   47  -83   47  -86   44  -79   40  -46   40   10   43   21    ;
sample    73   251   10  -80    2  -57    0  -35   -7    0   -9   21   -9   29  -10   36    ;
sample    74    48  -25  -87   -6  -86   14  -90   32  -90   36  -86   36  -83   31  -75   30  -68   28  -64   25  -50   26  -31   28  -24   29   10   25   21   20   28    7   34    0   33   -2   31   -6   30  -13   25  -16   18  -16   14    0   -9    8  -16   17  -21   40  -36   62  -47    ;
sample    75    49  -14  -84  -13   -2  -16   10  -18   25  -20   29  -21   29  -20   29  -17   21   -9    7   11  -20   21  -31   36  -53   62  -83   62  -87    ;   21  -36   21  -20   22  -13   28    0   32   18   42   30   51   37   54   38   58   36    ;
sample    76    50  -25  -91  -18  -75  -17  -13  -20   14  -19   18  -17   21  -18   21  -17   21  -13   25   -2   26    0   28   32   32   43   32   58   30   65   28   73   21    ;
sample    77   189  -18  -54  -17  -24  -21    7  -20    0  -18   -6  -16  -31  -12  -61   -8  -79   -6  -83   -3  -82   -1  -79    0  -75   14  -57   18  -54   29  -53   32  -54   46  -65   47  -69   46  -57   44  -50   40   -6   43   10    ;
sample    78    52  -21  -84  -17  -20  -17   -9  -19    3  -17 -101  -18 -106  -16  -90   -6  -46    7   -9   25   13   29   13   32   10   37   -2   39   -9   43  -50   43  -87   43  -86   47  -86   47  -87    ;
sample    79    53   -7  -69  -19  -60  -24  -53  -27  -46  -34  -13  -34   -2  -28   10  -23   16  -17   19   -9   20    0   18   18    7   32   -6   39  -14   42  -24   45  -42   44  -53   42  -61   40  -64   31  -71   25  -73   18  -74   10  -72    3  -67   -9  -53  -16  -39  -16  -31  -10  -18    ;
sample    80   238  -14  -80  -13   23  -17   21  -17   10  -20  -13  -20  -24  -16  -64  -13  -75   -5  -90   -2  -94    7 -100   14 -101   21 -100   36  -90   39  -86   40  -83   35  -75   29  -69   21  -64   -2  -57   -9  -57  -10  -58  -10  -58  -10  -58    ;
sample    81    55    7  -76   -6  -67   -8  -64  -13  -50  -17  -42  -23  -17  -24    3  -23    7  -17   10   -9    7   -2    3    0    0   14  -13   26  -28   31  -36   36  -50   36  -61   31  -71   29  -73   18  -79   10  -79   10  -80    ;   -7  -36    0  -17   10   -2   18    3   24   10   29   18   32   20   36   21   36   21    ;
sample    82    56  -10   25  -16   10  -19   -6  -20  -39  -19  -50  -13  -68   -5  -83   -2  -85    3  -86    7  -85   18  -78   20  -75   21  -61   20  -53   13  -42   10  -39    3  -35    0  -32  -17  -31  -18  -32  -13  -24   -3  -16    7   -2   21    7   44   28   58   40   62   40    ;
sample    83    57   47  -69   21  -75    7  -74    3  -73    0  -71   -8  -61   -7  -53    0  -42   17  -27   33   -6   35   -2   36    3   35    6   29   14   18   21   10   24   -9   25  -17   24  -28   21  -39   14  -42    7  -41    4  -36   -3    ;
sample    84   286   10 -102   10  -39    7   10    ;  -40  -95  -19 -103   -9 -105   21 -105   36 -104   47 -102    ;
sample    85    59  -14  -76  -13  -61  -17  -31  -17   -9  -14   10  -12   18   -6   24   -2   25   10   14   22    0   39  -32   47  -53   50  -64   51  -79   50  -82   48  -82   43  -72   37  -42   36  -31   36   -6   37    3   44   32   47   36   51   39   54   40   58   40    ;
sample    86    60  -36  -91  -24  -68   -9  -24   -2    0    2   25    7   40   11   46   13   46   18   36   25    7   46  -68   50  -86   54  -94   51  -91    ;
sample    87    61  -32  -80  -31  -13  -29    7  -25   25  -23   29  -20   31  -13   14   -8   -2   -1  -31    1  -42    3  -46    3  -31    6  -13   10   18   11   20   14   20   17   18   19   14   28  -31   32  -75   36  -75   36  -76    ;
sample    88    62  -18  -91   -9  -72   -1  -53    3  -46   18  -28   44  -10   58   -2   62   -2   62   -7    ;   47  -91   32  -72    2  -24  -27   29  -29   35  -30   36  -29   40    ;
sample    89    63  -29 -102  -17  -72  -13  -64   -2  -46    1  -39   18  -20   21  -21    ;   47 -102   32  -75   24  -50   18  -35   10  -20    3   -2   -2   14   -9   29  -20   58  -18   58    ;
sample    90    64  -36  -91    3  -90   14  -89   40  -83   47  -79   50  -75   51  -72   50  -64   36  -50   29  -46   10  -39    0  -34   -9  -28  -31  -17  -39  -12  -42   -9  -45   -2  -45    0  -41    6  -35    9  -13   17   29   22   40   24   47   24   54   22   69   20   73   18    ;
sample    91    65   43  -80   25  -86    7  -86    0  -84   -7  -72   -9  -61   -9   18   -5   54   -2   62    0   65    1   73    7   80   18   84   21   84   29   87   51   84    ;
sample    91    66   21  -95    7  -94   -2  -91  -17  -89  -20  -87  -27  -85  -28  -83  -27  -75  -24  -68  -21  -64  -14  -42  -10  -24   -9   10  -14   43  -25   87  -26   95  -23  105  -17  108   -9  108   -2  105    0  102   13   94   18   87    ;
sample    91    67   21  -95   -9  -97  -12  -96  -19  -89  -20  -83  -20  -72  -14  -50  -12  -31  -10  -20  -10   -9  -12    0  -14   21  -17   43  -17   69  -16   73   -8   78   -2   80    7   77   51   75   62   73    ;
sample    91    68   29 -102    0 -105   -9 -105  -17  -97   -8  -79   -3  -61   -3  -53   -9  -20  -20   21  -27   40  -28   62  -27   69  -25   73  -20   77  -13   80   -9   83   -6   84    3   84   10   83   18   77   25   73    ;
sample    91    69   29 -106   -6 -105  -13 -104  -17 -102  -23  -96  -24  -94  -20  -83  -17  -64  -17  -13  -19    7  -23   29  -25   47  -27   54  -28   73  -27   76  -17   87   -9   90   -2   90    0   88   25   80    ;
sample    92    70  -21  -95  -17  -79  -16  -72   -9  -53   -2  -31    1  -17   22   32   35   54   44   73   51   80   54   80    ;
sample    92    71  -25  -91  -14  -61   -2  -13    3   14    8   29   13   40   21   65   26   75   36   91   40   95    ;
sample    92    72  -25  -91  -17  -61    3  -17   11   -2   18    7   25   18   44   43   51   50   62   58   69   65    ;
sample    92    73  -25  -91  -23  -64  -12  -31    0   -2    7   10   30   42   52   68   62   76    ;
sample    93    74  -25  -91   -9  -90   -2  -93   14  -97   25  -97   28  -96   29  -94   29  -79   26  -61   24  -28   18   25   18   65   21   69   21   76   14   84    7   87    0   88   -2   90   -6   91  -16   86  -18   84  -21   76    ;
sample    93    75  -14 -102    0  -96   10  -89   17  -82   18  -79   18  -42   21  -17   21    0   24   14   25   47   29   62   29   73  -32   73  -31   73  -29   69    ;
sample    93    76  -14 -102    0  -97   25  -97   30  -95   40  -86   40  -79   39  -75   37  -72   33  -57   29  -17   29   43   33   61   36   65   32   68   29   69  -24   69  -28   65  -29   62    ;
sample    93    77   -7  -87    7  -90   14  -90   18  -89   21  -86   29  -83   28  -75   26  -72   25  -68   25   80   10   80    3   81   -2   83  -57   88  -64   90  -69   94  -73   95    ;
sample    94    78  -36  -40  -17  -61   -9  -68    3  -83   10  -89   14  -90   17  -86   26  -50   35  -30   43  -17   51  -15   54  -21    ;
sample    94    79  -32  -43  -13  -79   -2  -94    0  -94    0  -83    2  -68    7  -50   10  -42   15  -36   21  -31   25  -29   32  -28   43  -32    ;
sample    94    80  -29  -51  -17  -64  -12  -72   -6  -79    0  -90    8  -96    9  -96   11  -94   13  -90   32  -39   36  -31   41  -25   47  -20   51  -21    ;
sample    94    81  -36  -36  -24  -50  -13  -68   -2  -79    0  -83    3  -85    7  -86    9  -85   13  -72   21  -53   25  -46   32  -38   40  -32   43  -32    ;
sample    94    82  -21  -40  -12  -61   -5  -72    3  -81    7  -79   11  -64   18  -50   21  -42   25  -35   36  -24   43  -21   51  -21   54  -25    ;
sample    95    88  -51   62  -35   62  -17   65    0   71   32   80    ;
sample    95    84  -36   51  -13   61    0   65    7   69   18   73   40   76   58   76    ;
sample    95    85  -32   58   -6   66   14   76   32   83   51   87    ;
sample    95    86  -51   62    7   62   58   66   76   69    ;
sample    95    87  -54   58  -28   64   -9   66    0   68   21   70   43   73   54   73    ;
sample    96    89  -18 -106   -5  -83    0  -75    3  -72    7  -72    7  -73    ;
sample    96    90  -21 -113  -12  -97   -6  -90    0  -79    8  -69   10  -69    ;
sample    96    91  -25 -109    0  -72    6  -67   10  -62    ;
sample    96    92  -21 -113  -10  -90    3  -72   10  -64   14  -62    ;
sample    96    93  -18 -117    1  -87   11  -76   18  -73    ;
sample   123   103   29  -98   10  -87    4  -82   -6  -64   -5  -57   -2  -53    7  -50   10  -50   21  -45   25  -42   24  -35   21  -28   18  -25   10  -20    3  -17  -20    0   -2   10    3   21    3   29    0   51   -1   65    1   80    3   84    7   87   14   89   32   84    ;
sample   123   104   43 -109   29 -104   18  -97   10  -94    4  -89   -5  -74   -7  -68   -8  -57   -6  -50    0  -39    7  -35   10  -32   18  -27   25  -20   24  -13   18   -6    0    4   -2    7   -3    7   -2    7    0    9    3   10    6   14    7   21    4   29   -6   47  -12   69  -12   76   -9   84   -2   95    7  101   32  102    ;
sample   123   105   40 -109   22 -100   14  -94    3  -83    1  -79   -1  -64   -1  -57    0  -53    4  -46   18  -35   29  -28   32  -20   31  -13   29  -10   10    3    0    8   -6   14   -5   17    0   21   13   36   14   40   14   47    6   73    1   87    1   95    2  102    4  106    7  109   14  111   18  110   29  102    ;
sample   123   106   47 -106   32 -100   21  -90   14  -79    8  -72    4  -64    3  -46    4  -42   10  -36   18  -31   21  -31   36  -23   39  -20   40  -17   39  -14   25   -3    7    6    0   11   -2   14   -3   14   -2   14    0   18   10   18   18   20   20   22   21   25   19   47   14   69   11   76   10   95   11  102   14  106   18  108   25  108   32  106   40  102   51   98    ;
sample   124   258    7   98    1   84    0  -57    0  -64   -2  -68   -2  -83   -3  -84   -2  -83   -2  -90   -3  -91   -2  -90   -2  -94   -3  -95   -2  -94   -2  -97   -3  -98   -2  -97   -2 -101   -3 -102   -2 -101   -2 -105   -3 -106   -2 -105   -2 -108   -3 -109   -3 -109   -3 -109   -3 -109   -3 -109   -3 -109   -3 -109   -3 -109   -3 -109   -3 -109   -3 -109    ;
sample   124   259    3 -106    3  -75    0  -46    0    7    3   32    3   84    7   87    ;
sample   124   260   10 -102    3  -57    3  -46    0  -17   -3   18   -6   36   -8   58  -10   73  -13   76  -13   84  -14   84  -13   84  -13   87  -14   87  -13   87  -13   91  -14   91  -13   91  -18   87    ;
sample   125   114  -29 -106   -9 -100   -6  -98    0  -96   10  -90   13  -86   14  -83   14  -75   13  -68    3  -57   -2  -42   -2  -35    0  -28    7  -20   14  -16   25  -13   29  -13   29  -14   29  -13   25   -9   14   -7   10   -5    7   -2    3    0    1    3    0    7   13   32   14   43   10   54    7   58    0   62   -2   64  -13   65  -14   62    ;
sample   126   115  -40   -7  -34  -24  -23  -38  -17  -42  -13  -46   -7  -39   -3  -31    0  -20    2   -9    7   -3   10   -2   29   -9   36  -17   40  -20   44  -28   58  -43    ;
sample   126   116  -36    0  -28  -17  -20  -24  -17  -28   -9  -34   -6  -35   -2  -34    2  -30    7  -20    9   -9   14   -5   21   -2   29   -5   36   -9   43  -17   47  -20   54  -28   65  -47    ;
sample   108   212  -40   32  -17    7  -11   -3    0  -28   17  -90   18 -105   17 -107   14 -108   10 -105    3  -94  -13  -46  -21   -9  -22    3  -21   21  -18   31  -13   43   -5   50    3   54    ;
sample   178   168  -18  -69    0  -83    7  -80   13  -74   14  -72   13  -64    7  -53    3  -50   -2  -43  -17  -34  -20  -31  -20  -28  -21  -29  -20  -28    3  -28   10  -30   18  -34   25  -36    ;
sample   179   169  -10  -76    3  -83   10  -83   14  -79   14  -72    6  -65   -2  -61   -3  -62    0  -57   13  -46   14  -42   13  -36    7  -31    0  -28  -13  -28  -21  -32  -20  -31  -18  -36    ;
sample   183   170    7  -21    ;
sample   177   171   14  -51   14  -17   13   -9   10   -6   10   -2   10   -3    ;  -10  -29    3  -24   21  -24   29  -25   40  -28   54  -28   58  -29    ;   -7   10   54   10    ;
sample   188   172  -40  -58  -31  -72  -25  -79  -17  -94  -18  -95  -18  -95  -17  -94  -17  -83  -20  -68  -20  -46  -21  -42  -23  -39  -23  -35  -20  -31  -21  -32  -21  -32    ;   21  -69   14  -53    7  -42    1  -35  -10  -13  -16   -6  -18    3    ;    7  -21   10   -6   10    0   11    2   21    5   40    0   47   -6   54  -10    ;   47  -32   37  -13   33    0   32   10   29   18   29   25    ;
sample   189   173  -40  -43  -21  -72  -16  -83  -13  -86   -9  -90  -10  -91   -9  -90  -16  -68  -20  -42  -20  -24  -21  -21    ;   21  -58   14  -39   10  -31    1   -6    0    0   -7   10    ;    3    3   21  -14   29  -17   36  -17   39  -16   40  -13   40   -9   37   -2   35    0   32    7   15   21   14   25   14   29   25   32   40   31   58   21    ;
sample   190   174  -29  -84  -13  -90   -6  -90   -2  -89    0  -86    0  -79   -2  -75   -6  -72   -9  -68  -13  -65  -20  -64  -22  -64  -20  -61  -13  -60   -6  -56   -1  -50    0  -46    0  -42   -2  -39   -6  -36  -13  -34  -17  -32  -35  -31  -36  -32  -36  -32  -36  -32    ;   32  -62   22  -46    7  -28    0  -13   -6   -6   -8   -2  -12    3  -14    7    ;   32  -32   28  -17   21    3   21   10   22   14   25   18   29   20   36   19   47   13   51   10    ;   47  -18   41   -2   39   10   36   18   35   29   33   32   32   43    ;
sample    77   190  -40  -91  -39  -72  -42  -39  -42    3  -43    3  -42    3  -40   -2  -32  -53  -28  -94  -27  -96  -25  -96  -19  -79  -16  -68   -6  -42    0  -31    3  -30    7  -31   14  -35   32  -64   36  -72   36  -75   33  -61   31    3   32   14    ;
sample    77   191  -25  -80  -28  -50  -28  -24  -31   10  -31   27  -29   25  -28   21  -28   -2  -27  -17  -24  -39  -24  -61  -23  -68  -17  -90  -14  -89   -8  -61   -5  -35    1    0    6    0    8   -2   15  -28   21  -53   26  -68   32  -75   35  -72   36  -68   36   36   37   51   40   62    ;
sample    77   192  -43   32  -46   10  -46  -20  -45  -35  -38  -79  -36  -83  -34  -85  -32  -85  -30  -83  -25  -75   -8   -6   -6   -2    0   -9    3  -17   10  -31   30  -83   36  -90   36  -64   35  -50   33  -39   32   10   33   18   36   29    ;
sample    77   193  -29 -106  -27  -68  -25  -57  -24  -42  -28   -2  -28    7  -32   25  -29    3  -19  -53  -16  -75  -12  -97   -9 -101  -10 -102   -9 -101   -5  -79   -1  -61    0  -46   15    3   21   10   24    9   25    7   26    0   30  -13   35  -35   37  -53   40  -64   40  -76   42  -68   44  -39   46  -28   47   14    ;
sample    34   195  -25  -76    ;   25  -73    ;
sample    34   196  -21  -80  -22  -64  -24  -57  -24  -50  -25  -47    ;   32  -95   22  -75   19  -64   18  -51    ;
sample    65   215  -25   25  -18   10  -16    0   -9  -17   -3  -39    2  -72    9  -97   13 -102   14 -106   14  -97   17  -79   18  -28   22   14   25   25    ;    0  -36    8  -21   10  -19   14  -18    ;
sample    65   216  -25   18  -17    0  -13   -6   -2  -39    2  -61    9  -86   10  -97   14 -105   14 -108   17 -105   18 -101   22  -53   24  -42   25    7    ;   -7  -43    7  -42   14  -40   21  -36   25  -36    ;
sample    65   217  -47   32  -38    8  -32   -3  -23  -28  -18  -39   -9  -64    0  -94    1 -100    3 -101    4  -97    6  -94   10  -79   18  -57   21  -42   28  -17   32   10   32   21    ;   -3  -47  -17  -39  -20  -35  -18  -30   -6  -23    3  -20   10  -20   14  -21    ;
sample    65   218  -51   40  -25   -2  -13  -28   -2  -61    0  -72    6  -86    7  -94    7  -72   13  -17   19   18   24   32   26   35   29   36   28   25   24   10   21    3   17   -1    7  -17   -2  -28   -9  -34  -20  -39  -20  -35  -17  -31   -9  -25   -2  -23    3  -20   10  -18    ;
sample    66   228  -47  -62  -33  -45  -31  -35  -28   -2  -28   40  -29   40    ;  -47  -32  -45  -57  -40  -67  -31  -75  -20  -79  -13  -79   -2  -76    2  -72    5  -64   -2  -50   -6  -46   -6  -42   -2  -39    0  -35    9  -27   17  -17   20   -6   18    0   10   14    7   17  -13   29  -20   31  -31   32  -34   31  -35   29  -36   29    ;
sample    66   229  -25  -65  -21  -50  -20   21  -21   25    ;  -21  -51  -16  -64  -12  -72   -6  -79    0  -83    7  -83   10  -82   13  -79   16  -72   14  -64   14  -61    7  -46    0  -39   -2  -35   -3  -36    3  -32   10  -31   21  -27   25  -24   28  -20   29   -9   28   -6   18    7   14    9    7   11   -8   19   -9   21  -10   21   -9   21  -10   25    ;
sample    66   230  -18  -76  -17  -57  -19  -35  -29    7  -30   14  -32   18    ;  -21  -69   -9  -83   -6  -85   -2  -86    3  -86    7  -85   10  -83   13  -79   14  -61   10  -50    3  -42   -6  -35   -7  -36   -6  -35   -2  -35    3  -32   14  -29   18  -27   20  -24   21  -13   20   -9   18   -6    7    3  -13   13  -28   16  -28   14  -29   14    ;
sample    66   231  -14  -73  -13  -57  -16  -39  -20   10  -20   29  -21   32    ;  -21  -58  -11  -74   -2  -83    3  -85   10  -85   14  -83   20  -78   28  -68   29  -61   28  -53   21  -39   18  -36   10  -31    3  -25    0  -24   -3  -25    1  -22   14  -17   21  -13   26   -6   28    0   28    3   25   10   20   17    9   28   -9   41  -18   43    ;
sample    43   246   -7  -62   -3  -46   -2  -39   -2    7   -3   10    ;  -32  -32  -13  -28    3  -28   25  -25   40  -24   51  -25    ;
sample    43   242  -18  -65   -8  -49   -5  -42   -1  -24    0   14    ;  -36  -32   -9  -35   -2  -35   21  -31   43  -32    ;
sample    43   243   -3  -73   -2    0    0    7    ;  -32  -32  -13  -25   -6  -24   32  -24   43  -25    ;
sample    43   244  -14  -69   -1  -62    0  -57    0  -35   -1  -24   -7   -7    ;  -40  -25  -24  -30  -17  -31   -9  -31   14  -27   21  -25   29  -25    ;
sample   103   257   21  -54    7  -55    3  -53    1  -50   -5  -24   -5  -17    0   -4    7   -5   20  -20   24  -28   28  -42   29  -61   26  -60   22  -53   21  -46   19   -9   17    3   10   29    6   40   -3   58   -9   65  -13   68  -20   68  -25   62  -26   58  -25   51  -22   44  -17   36   -9   29    4   15   14   10   40    0    ;
sample   103   253    0  -36  -12  -16  -13  -13  -13   -6  -12   -2   -9    0   -2    0    6   -7   24  -35   26  -41   29  -42   29  -24   28  -13   18   25   14   36   10   43   -6   57   -9   58  -12   57  -13   51   -9   40   -6   36    0   32    7   25   36    7    ;
sample   103   254   21  -36    3  -42    0  -42   -6  -39   -9  -35  -12  -28  -13  -13  -12   -6   -9   -2   -2    2    3    2   13   -3   24  -17   28  -28   29  -39   28  -42   25  -46   21  -45   19  -42   17  -35   15  -31   14   -9   11   10    7   29    0   47   -9   57  -20   58  -24   57  -27   54  -28   51  -27   47  -18   39    0   29   10   25   21   19   36   14    ;
sample   103   255   21  -54    3  -59   -5  -52  -13  -39  -16  -31  -17  -17  -16   -9   -9   -3   -2   -3    7   -9   14  -17   20  -28   22  -35   24  -39   24  -46   21  -50   21  -51   21  -50   19  -49   18  -46   18    3   17   18   10   43    7   51    0   62   -6   69  -13   73  -24   76  -32   74  -33   73  -32   69  -27   63  -13   54   -2   48   25   36    ;
sample   101   276   -7   21    9    6   14    0   17   -2   20   -9   20  -17   19  -24   16  -30    7  -39    3  -41   -2  -41   -9  -38  -13  -35  -16  -28  -19  -17  -20   -6  -19    3  -17   10  -12   20   -6   28    3   35   18   39   32   40   47   39   62   36    ;
sample   101   272  -18   21    3   -2    7   -9   10  -17   17  -28   18  -35   17  -39   13  -45   10  -46    7  -45   -2  -39   -5  -35  -10  -24  -12  -17  -13    0  -12   10   -9   18   -5   24    0   28   14   31   25   29    ;
sample   101   273  -36   32  -17   22  -10   17   -3    7    0    0    2   -2    3   -9    0  -19   -9  -23  -13  -23  -17  -21  -20  -17  -23   -9  -24    0  -23   10  -19   17  -14   22   -5   28    3   32   14   35   25   35   40   32    ;
sample   101   274  -32   18  -13   10   -6    6    3   -2    8  -13    9  -17    6  -24    3  -28   -2  -31  -13  -30  -17  -28  -23  -19  -27   -6  -27    0  -20   14    0   32   10   35   21   36    ;
sample    67   433   25  -76    9  -84    0  -86  -17  -83  -27  -78  -35  -72  -45  -63  -53  -50  -55  -39  -53  -24  -48  -10  -38    0  -20   10   -2   16   21   21    ;
sample    67   434   25  -84    0  -86  -13  -83  -23  -78  -30  -71  -36  -61  -40  -49  -42  -39  -41  -28  -37  -14  -27   -3  -13    6    3   13   29   20   58   25    ;
sample    67   435   18  -80   -6  -83  -13  -82  -23  -78  -31  -72  -41  -63  -46  -53  -49  -42  -49  -31  -45  -20  -38  -10  -23    0   -3    7    ;
sample    67   436   21  -87    7  -94    0  -96   -6  -96  -16  -93  -24  -86  -31  -75  -37  -63  -40  -50  -41  -35  -38  -20  -30   -7  -20    3   -1   17   14   25    ;
sample    57   317   36  -87   21  -85   18  -83   10  -68    8  -61    7  -53    8  -46   11  -39   14  -36   18  -36   25  -39   29  -42   36  -50   40  -57   42  -64   45  -72   43  -74   26  -42   20  -28    6   -3   -2    7  -25   28  -28   29  -30   28  -32   25    ;
sample    57   318   10  -76   -9  -61  -13  -57  -17  -46  -16  -42  -13  -40   -9  -40    0  -46   10  -57   22  -79   25  -83   25  -84   22  -72   19  -39   17  -28   13  -13   -2   18  -20   35  -28   35  -32   32    ;
sample    57   319   18  -87    0  -75   -9  -57  -13  -46  -13  -42  -11  -36   -9  -35   -6  -36   -2  -39    0  -42    6  -64    7  -80    7  -17    6   -6    0   13   -9   24  -17   29  -24   28  -29   25    ;
sample    57   320    7  -80   -6  -85  -13  -85  -16  -83  -24  -68  -27  -57  -28  -50  -27  -42  -24  -35  -17  -33  -13  -35   -7  -40   -2  -46   10  -68   11  -64   13  -61   17  -46   18  -24   17  -17   13   -7    2    9   -5   15  -31   28  -47   32    ;
sample    50   324  -25  -62  -13  -79   -9  -82   -6  -82   -3  -79   -2  -75   -2  -61   -3  -50   -6  -39  -21   -7  -27    1  -31   10  -31   21  -30   24  -24   28  -17   30   47   40    ;
sample    50   325  -18  -58   -9  -79   -6  -83    0  -86    2  -85    3  -83    2  -72   -1  -64  -25  -20  -30   -9  -33    7  -31   14  -27   20  -20   25   -9   28    0   29   29   26   47   25    ;
sample    50   326  -10  -73   -5  -90    3  -97    6  -94    7  -90    6  -75    3  -64  -17  -20  -19   -9  -19   -2    0   11   11   16   43   24  109   25    ;
sample    50   327  -14  -76    1  -85    7  -86   21  -85   25  -83   29  -79   31  -75   30  -68   28  -62   11  -34    3  -24   -6   -6   -8    0   -7    7   -5   13    0   21   11   28   40   39   58   42   76   43   98   43    ;
sample    51   329  -25  -73   -9  -82   -6  -82   -2  -80    3  -75    7  -64    6  -57   -3  -40  -17  -28  -19  -24  -19  -21  -17  -18   -9  -16   -6  -14    7   -9   14   -5   18    0   17    7   -6   32  -13   36  -22   47  -21   51    ;
sample    51   330  -25  -76   -6  -77   25  -73   32  -71   36  -68   35  -64   32  -61   18  -53    1  -41  -12  -24  -12  -20   -6  -13    0   -9   13    1   14    3   14    7   13   10   10   14    3   18    0   21   -6   25   -5   28   -3   29    ;
sample    51   331  -29  -51  -16  -62   -9  -64   -2  -64   10  -62   13  -60   18  -53   18  -50    6  -28   -5  -16  -17   -6  -20   -2  -19    0    3    0   14    2   16    4   18   10   17   14    0   32   -2   36   -9   40  -12   43  -13   47  -14   47    ;
sample    51   332  -18  -65   -1  -78   14  -79   17  -78   18  -75   17  -72   14  -68    4  -60   -6  -46  -13  -42  -20  -35  -23  -28  -23  -20  -16   -9   -6    0   13   15   17   21   17   25   14   32    3   43   -2   47   -9   51  -20   55  -25   58    ;
sample    48   334    7  -84   -4  -67   -7  -57   -9  -35   -5   -3    3    6   10    6   24    0   28   -6   35  -28   35  -35   32  -46   29  -53   24  -60   18  -64   10  -67    0  -67   -8  -56  -14  -40    ;
sample    48   335   10  -76   -3  -81  -10  -73  -21  -50  -26  -35  -29  -20  -30    7  -27   18  -23   24  -17   28   -9   28   -2   25    6   17   14    7   20   -2   28  -28   28  -39   25  -50   17  -63   10  -68    3  -70   -2  -69  -18  -58    ;
sample    48   336    7  -80   -6  -83   -9  -82  -13  -79  -19  -72  -24  -64  -28  -53  -32  -24  -33   -9  -30   10  -27   17  -20   20  -13   21   -7   20    0   14    6    6   10   -2   17  -20   17  -31   14  -39   10  -46    0  -56   -6  -56  -13  -53  -18  -49  -21  -42  -25  -36    ;
sample    48   337   14  -87    1  -81   -3  -76  -13  -57  -17  -42  -19  -31  -18   -9  -15    0   -9    4   -6    5    7    0   14   -6   28  -29   29  -35   29  -46   28  -53   24  -61   21  -64    3  -70  -12  -63  -20  -57  -24  -50  -29  -29    ;
sample    54   339   14  -91    1  -85   -5  -78   -9  -68  -17  -39  -22   -9  -19   10  -17   13   -9   17   -2   17    0   14    6    9   13   -2   14   -9   10  -20    7  -23    0  -24   -6  -23  -13  -20  -19  -16  -23   -9  -25   -3    ;
sample    54   340   -7  -76  -20  -67  -27  -60  -34  -46  -39  -31  -41  -17  -42   -2  -41   10  -38   25  -34   31  -23   38  -13   39   -2   36    6   31   14   21   21   14   27    2   29   -6   28  -13   25  -16   18  -19    7  -20    1  -19  -16   -5  -20    0  -25   10    ;
sample    54   341   14  -87    0  -88   -5  -85  -16  -68  -20  -57  -27  -28  -28   -9  -27    3  -24   14  -19   24  -13   29   -6   31    0   29   11   19   17    9   18    3   17   -2   13   -8    7  -12    0  -13   -9  -12  -17   -9  -26   -1  -31    7  -36   18    ;
sample    54   342   18  -84    4  -77    0  -72  -16  -35  -19  -20  -20   -6  -19    7  -17   14  -12   20   -6   24    0   24    7   22   17   16   21   10   24    3   25   -2   23   -8   18  -13   10  -15    3  -13  -20    3  -29   14    ;
sample    55   496  -40  -80  -24  -79   -9  -81   -2  -80    0  -79    7  -78   17  -72   18  -64   17  -57    7  -35    3  -28   -6    0   -6    7   -7   10    ;  -32  -32  -13  -38   -6  -39   14  -38   36  -35   51  -36    ;
sample    55   495  -29  -91   -2  -90   14  -83   21  -79   24  -75   25  -72   24  -64   22  -61   18  -50  -12   14  -13   21  -14   21    ;  -25  -40   -6  -45    0  -45   10  -43   21  -42   51  -43    ;
sample    55   494  -58  -80  -42  -81  -31  -83    3  -83   25  -78   28  -75   29  -72   28  -61   14  -31    7  -20    4  -13    2   -2    1    0    0    7    1    9    3   10    ;  -25  -40    3  -42   43  -42   69  -40    ;
sample    55   493  -25  -84   -9  -84   -2  -86   10  -86   15  -84   17  -82   18  -79   18  -68   17  -64   11  -53    7  -39    0  -28   -2  -20   -9   -2  -12    3  -15   14  -13   18  -14   18    ;  -29  -43  -13  -39   47  -39   58  -40    ;
sample    56   349    7  -95    1  -75    0  -68    0  -35    3    0    3   10    2   18   -2   32   -7   39  -13   42  -31   43  -31   40  -28   32   13  -13   29  -35   35  -46   36  -53   35  -64   33  -68   28  -73   18  -75   10  -75    4  -74   -6  -68  -18  -54    ;
sample    56   350   -3  -69    0  -35    7   -9   11   14   12   25   10   36    3   47    0   50   -6   54  -12   51  -13   43  -10   29    3   -6   10  -20   14  -31   17  -46   18  -68   17  -75   13  -81    7  -83    0  -82   -8  -72  -12  -64  -14  -54    ;
sample    56   351    0  -80   -2  -50    0  -17    0    7   -3   25   -9   32  -13   34  -17   33  -19   31  -20   25  -17   14  -12    4    0  -13    7  -20   24  -42   31  -53   39  -72   39  -79   36  -86   32  -90   25  -93   18  -93   10  -90    3  -86   -3  -84    ;
sample    56   352  -10  -62   -2  -46    0  -39    0    0   -3    9  -14   24  -20   29  -24   31  -31   31  -34   29  -35   25  -34   18  -28    3   -9  -24   -3  -31    7  -50   10  -68    9  -72    7  -75    3  -78   -2  -78   -6  -76  -20  -64  -27  -56  -32  -47    ;
sample   114   458  -18   14  -23    0  -24   -6  -23  -20  -20  -39  -19  -53  -16  -63  -13  -64   -9  -63    0  -56   14  -53   25  -54    ;
sample   114   459  -21   29  -20  -50  -13  -49   -6  -45    7  -41   25  -39   36  -40    ;
sample   114   460  -18   18  -29   -2  -30  -13  -27  -28  -24  -30   18  -31   25  -32    ;
sample   114   461   -7   32  -16   10  -19   -2  -20  -24  -19  -28  -17  -31  -13  -34   -9  -35    3  -35   10  -36   18  -40    ;
sample   112   464  -21   84  -27   65  -27   58  -25   47  -23   21  -17    0  -13   -6    3  -24   10  -27   18  -27   29  -20   31  -17   32   -6   25    7   18   14   10   20    0   25  -10   32    ;
sample   112   465   -3   69  -17   47  -23   21  -24    0  -19  -20  -16  -28   -9  -34   -6  -35    0  -35    2  -34    3  -31   -2  -21   -8  -16  -20   -3  -25   -3    ;
sample   112   466  -25   58  -37   42  -38   32  -34   10  -17  -42  -12  -50   -6  -57   -2  -59   -2  -50   -9  -31  -13  -24  -20  -17  -21  -18    ;
sample   112   467  -21   73  -22   58  -16    3   -7  -24   -5  -35    0  -42   10  -46   14  -45   20  -41   26  -31   27  -24   25  -17   21   -9   13    0    7    3    ;
sample   102   490  -21   14   -6    0    0   -9   17  -43   21  -53   24  -64   25  -86   21  -85   11  -78    4  -68   -6  -42  -17  -24  -36   17  -42   25  -50   40  -50   29  -46   21  -46   18  -41   11  -36    6  -30    2   -2   -5   10   -7   51  -10    ;
sample   102   491    3  -32    9  -50   10  -79    8  -90    5  -96    3  -97    0  -96   -2  -94   -6  -86  -12  -64  -13  -50  -13   -2  -18   40  -20   51  -24   62  -28   69  -35   76  -46   80  -50   79  -55   73  -50   54  -46   43  -38   29  -28   14   -6  -13    4  -27   14  -39   32  -58    ;
sample   102   492   32  -87   29 -101   25 -103   21 -101   15  -96    4  -82    0  -72   -2  -57   -6  -46   -9  -20   -9   -9   -8   -2   -7    0   -7    3    ;  -14  -43    3  -36   14  -35   25  -36   36  -40    ;
